C: 2.2994212962962965
I: 2.2994212962962965
A: 2.2994212962962965
AV: 1.497067901234568
S: 1.0171296296296297
PR: 0.9280092592592593
AC: 0.6986111111111111
UI: 0.40092592592592596