E: 3.163238265224411
AV: 1.9553717044996513
VC: 1.7521426343299693
VI: 1.7521426343299693
VA: 1.2808627707768618
PR: 0.8028485078011909
UI: 0.8028485078011909
SC: 0.7108989191003356
SI: 0.7108989191003356
SA: 0.7108989191003356
AC: 0.6949798050935299
AT: 0.6949798050935299
S: 0.0
AU: 0.0
R: 0.0
V: 0.0
RE: 0.0
U: 0.0