AV: 1.893960524310262
VC: 1.7649405578414452
VI: 1.7649405578414452
VA: 1.3560785322356188
PR: 0.7732167352537805
UI: 0.7732167352537805
SC: 0.7620056012803612
SI: 0.7620056012803612
SA: 0.7620056012803612
AC: 0.6642184880352671
AT: 0.6642184880352671